15
-983 -225
897 -902
-931 918
8 982
940 -845
-865 998
960 205
-959 -746
634 -965
-947 -824
841 912
-184 998
512 -992
-792 -969
-954 485
15
974 -862
-894 974
-752 997
-985 -798
-936 -996
994 -162
623 999
-940 -986
993 -637
984 909
490 -996
996 -456
-991 754
769 992
929 -947
16
989 -242
617 -999
-948 -918
987 150
814 -987
959 -872
-908 993
-802 -985
989 -143
-992 400
925 904
265 992
-958 -787
-774 -992
787 985
-989 829
14
-965 523
-846 -986
-969 -863
904 -966
-999 -42
225 996
-898 863
460 991
-920 835
-695 950
611 -982
972 734
830 919
-804 -1000
6
-517 976
-959 -919
956 294
898 401
-895 501
-906 403
10
664 -798
-855 -957
-811 -976
492 986
-970 -873
961 886
603 -933
-792 743
-689 989
-940 105
7
415 -997
-974 642
-932 953
494 978
909 -948
941 501
-975 -614
15
903 -711
754 978
921 905
978 416
728 -886
-996 982
932 -546
947 -288
906 922
-996 922
-677 -942
-224 -957
866 -865
960 836
-982 -451
10
-923 935
-662 -943
277 -981
976 -532
237 980
770 914
989 756
-901 -472
852 -756
-940 -5
12
-591 -972
668 949
787 -771
-743 876
397 -916
-975 -93
-419 -983
-971 416
939 -684
484 991
949 367
-543 995
2